0
1025
10
40000 123 90 80 70 0 0 -30 -60 -1000
10
-1000 -60 -30 0 0 70 80 90 123 40000
10
123 -30 -60 70 0 -1000 40000 80 90 0
10
5 6 -2 -6 4 6 4 -3 1 2
1
5555
10
1 2 3 4 5 6 7 8 9 10
10
-1 -2 -3 -4 -5 -6 -7 -8 -9 -10
100
54 -23 47 -67 10 -62 -1 22 -45 5 96 -18 -2 8 -37 -95 54 -18 19 55 28 28 24 66 52 -88 -39 -54 69 91 22 -32 -39 -45 -98 47 9 96 61 33 31 -91 18 -82 -99 -100 13 -22 -15 100 73 -58 -69 -23 30 23 -14 -52 68 89 7 -11 -30 -38 -7 -3 -22 23 -41 -48 91 -96 63 -4 -27 -76 8 33 65 22 63 76 35 91 96 13 38 44 36 -22 -33 25 73 50 6 27 9 -12 67 59